0.036865234375
0.068115234375
0.103271484375
0.135009765625
0.166259765625
0.228759765625
0.291259765625
0.353759765625
0.572509765625
0.666748046875
0.713623046875
1.057373046875
1.182861328125
1.214111328125
1.276611328125
1.339111328125
1.557861328125
1.652099609375
1.698974609375
2.042724609375
2.168212890625
2.170166015625
2.20751953125
2.23486328125
2.265625
2.046875
1.921875
1.92138671875
1.87451171875
1.81201171875
1.74951171875
1.6875
1.780517578125
1.56201171875
1.37451171875
1.405029296875
1.358154296875
1.295654296875
1.233154296875
1.13916015625
1.10791015625
