42.4287109375
136.8751220703125
117.774658203125
116.828369140625
119.047119140625
113.765625
186.890625
219.0127410888672
226.51034545898438
218.88818359375
187.38818359375
132.356689453125
144.420166015625
139.04443359375
227.262939453125
114.34033203125
208.02099609375
190.24853515625
188.88037109375
191.09912109375
185.817626953125
258.942626953125
291.0647888183594
233.91073608398438
250.66943359375
259.16943359375
133.177490234375
145.803466796875
140.084228515625
227.521240234375
114.03564453125
208.02099609375
189.82666015625
188.88037109375
191.10693359375
185.880126953125
259.005126953125
291.1272888183594
234.61386108398438
251.26318359375
259.76318359375
133.927490234375
146.553466796875
140.756103515625
227.888427734375
