9.3544921875
18.087890625
28.189453125
37.212890625
57.462890625
67.587890625
77.712890625
366.837890625
397.236328125
424.236328125
473.736328125
507.509765625
507.509765625
517.634765625
527.759765625
816.884765625
847.283203125
874.283203125
923.783203125
957.556640625
957.556640625
967.681640625
977.806640625
1266.931640625
1297.330078125
1324.330078125
1373.830078125
1407.603515625
1407.603515625
1417.728515625
1427.853515625
1716.978515625
1747.376953125
1774.376953125
1823.876953125
1857.650390625
1857.650390625
1867.775390625
1877.900390625
2167.025390625
2197.423828125
2224.423828125
2273.923828125
2307.697265625
2307.697265625
2317.822265625
2327.947265625
2617.072265625
2647.470703125
2674.470703125
2723.970703125
2757.744140625
2757.744140625
2767.869140625
2777.994140625
3067.119140625
3097.517578125
3124.517578125
3174.017578125
3207.791015625
3207.791015625
3217.916015625
3228.041015625
3517.166015625
3547.564453125
3574.564453125
3624.064453125
3657.837890625
3657.837890625
3667.962890625
3678.087890625
3967.212890625
3997.611328125
4024.611328125
4074.111328125
4107.884765625
4107.884765625
4118.009765625
4128.134765625
4417.259765625
4447.658203125
4474.658203125
4524.158203125
4557.931640625
4557.931640625
4568.056640625
4578.181640625
4867.306640625
4897.705078125
4924.705078125
4974.205078125
5007.978515625
5007.978515625
5018.103515625
5028.228515625
5317.353515625
5347.751953125
5374.751953125
5424.251953125
5458.025390625
5503.074951171875
5522.220458984375
5835.452281951904
5880.220458984375
6260.050804138184
5854.2890625
5871.139404296875
5873.392333984375
5852.01416015625
5903.740966796875
5935.240966796875
5840.74072265625
5865.467529296875
5612.342529296875
5602.217529296875
5592.092529296875
5563.96728515625
5615.694091796875
5647.194091796875
5552.69384765625
5577.420654296875
5324.295654296875
5314.170654296875
5304.045654296875
5275.92041015625
5327.647216796875
5359.147216796875
5264.64697265625
5289.373779296875
5036.248779296875
5026.123779296875
5015.998779296875
4987.87353515625
5039.600341796875
5071.100341796875
4976.60009765625
5001.326904296875
4748.201904296875
4738.076904296875
4727.951904296875
4699.82666015625
4751.553466796875
4783.053466796875
4688.55322265625
4713.280029296875
4460.155029296875
4450.030029296875
4439.905029296875
4411.77978515625
4463.506591796875
4495.006591796875
4400.50634765625
4425.233154296875
4172.108154296875
4161.983154296875
4151.858154296875
4123.73291015625
4175.459716796875
4206.959716796875
4112.45947265625
4137.186279296875
3884.061279296875
3873.936279296875
3863.811279296875
3835.68603515625
3887.412841796875
3918.912841796875
3824.41259765625
3849.139404296875
3596.014404296875
3585.889404296875
3575.764404296875
3547.63916015625
3599.365966796875
3630.865966796875
3536.36572265625
3561.092529296875
3307.967529296875
3297.842529296875
3287.717529296875
3259.59228515625
3311.319091796875
3342.819091796875
3248.31884765625
3273.045654296875
3019.920654296875
3009.795654296875
2999.670654296875
2971.54541015625
3023.272216796875
3054.772216796875
2960.27197265625
2984.998779296875
2731.873779296875
2721.748779296875
2711.623779296875
2683.49853515625
2735.225341796875
2766.725341796875
2672.22509765625
2696.951904296875
2443.826904296875
2433.701904296875
2423.576904296875
2393.20166015625
