0.0107421875
0.01171875
0.07373046875
0.19775390625
0.20654296875
0.33154296875
0.19970703125
0.26220703125
0.32470703125
0.73046875
0.85546875
0.98193359375
1.13720703125
1.32568359375
1.45166015625
1.45166015625
1.51416015625
1.919921875
2.044921875
2.17138671875
2.32666015625
2.51513671875
2.64111328125
2.58251953125
2.5908203125
2.6455078125
2.64453125
2.08203125
1.89453125
1.8310546875
1.7060546875
1.6435546875
1.5810546875
1.4560546875
1.455078125
0.892578125
0.705078125
0.6416015625
0.5166015625
0.4541015625
0.3916015625
0.2666015625
0.208984375
0.0859375
0.0791015625
0.078125
