0.251953125
0.50390625
1.01171875
1.26171875
1.51171875
1.76171875
2.63671875
2.9501953125
4.4501953125
4.7001953125
5.013671875
5.263671875
5.513671875
5.763671875
6.638671875
6.9521484375
8.4521484375
8.7021484375
9.015625
9.265625
9.515625
9.765625
10.640625
10.9541015625
12.4541015625
12.7041015625
13.017578125
13.267578125
13.517578125
13.767578125
14.642578125
14.9560546875
16.4560546875
16.7060546875
17.01953125
17.26953125
17.51953125
17.76953125
18.64453125
18.9580078125
20.4580078125
20.7080078125
21.021484375
21.271484375
21.521484375
21.771484375
22.646484375
22.9599609375
24.4599609375
24.7099609375
25.0234375
25.0166015625
26.203125
24.703125
23.203125
22.8896484375
22.0146484375
22.0146484375
21.7646484375
21.2646484375
22.201171875
20.701171875
19.201171875
18.8876953125
18.0126953125
18.0126953125
17.7626953125
17.2626953125
18.19921875
16.69921875
15.19921875
14.8857421875
14.0107421875
14.0107421875
13.7607421875
13.2607421875
14.197265625
12.697265625
11.197265625
10.8837890625
10.0087890625
10.0087890625
9.7587890625
9.2587890625
10.1953125
8.6953125
7.1953125
6.8818359375
6.0068359375
6.0068359375
5.7568359375
5.2568359375
6.193359375
4.693359375
3.193359375
2.8798828125
2.0048828125
2.0048828125
1.7548828125
1.2548828125
0.50390625
0.5029296875
