232.907958984375
624.79931640625
674.7998046875
724.80029296875
774.80078125
774.80224609375
724.7998046875
774.80029296875
824.80078125
824.80224609375
700.2998046875
699.2998046875
724.80078125
724.8017578125
749.3388671875
774.802734375
725.80078125
750.30078125
774.8017578125
774.802734375
738.30126953125
738.05078125
763.80322265625
750.3046875
787.18017578125
774.806640625
764.80322265625
762.552734375
789.30517578125
774.806640625
772.3037109375
755.427734375
776.68212890625
761.560546875
781.43603515625
774.814453125
777.68212890625
768.681640625
789.93603515625
774.814453125
756.8008728027344
765.0128784179688
756.6767578125
787.54833984375
737.2978515625
777.29638671875
699.5458984375
820.982421875
625.0458984375
524.6044921875
