0.0107421875
0.01171875
0.07373046875
0.19775390625
0.20654296875
0.33154296875
1.19970703125
1.26220703125
1.32470703125
1.38720703125
1.79345703125
0.98193359375
1.76318359375
2.32568359375
1.45166015625
2.45166015625
2.51416015625
2.57666015625
2.98291015625
2.17138671875
2.95263671875
3.51513671875
2.64111328125
3.58251953125
2.5908203125
2.6455078125
2.64453125
2.08203125
1.89453125
1.8310546875
1.7060546875
1.6435546875
1.5810546875
1.4560546875
1.455078125
0.892578125
0.705078125
0.6416015625
0.5166015625
0.4541015625
0.3916015625
0.2666015625
0.208984375
0.0859375
0.0791015625
0.078125
