1604.7431640625
2388.891357421875
2976.46826171875
3369.31298828125
3661.6240234375
3861.00048828125
4057.00048828125
4197.248046875
4407.75
4505.75
4481.25341796875
4505.75341796875
4530.25341796875
4472.25
4474.5
4475.994232177734
4477.239440917969
4475.7451171875
4478.6201171875
4557.49365234375
4532.99365234375
4508.49365234375
4630.99365234375
4531.99365234375
4348.99951171875
4489.74462890625
4293.74462890625
3873.4951171875
4154.99462890625
3382.40185546875
3958.9951171875
857.7529296875
