0.685546875
18.708984375
54.123046875
56.37890625
114.919921875
59.67578125
77.67578125
1046.4228515625
654.9228515625
657.22265625
774.2109375
832.7197265625
841.76953125
842.76953125
860.76953125
1829.5166015625
1438.0166015625
1440.31640625
1557.3046875
1615.8134765625
1624.86328125
1625.86328125
1643.86328125
2612.6103515625
2221.1103515625
2223.41015625
2340.3984375
2398.9072265625
2407.95703125
2408.95703125
2426.95703125
3395.7041015625
3004.2041015625
3006.50390625
3123.4921875
3182.0009765625
3191.05078125
3192.05078125
3210.05078125
4178.7978515625
3787.2978515625
3789.59765625
3906.5859375
3965.0947265625
3974.14453125
3975.14453125
3993.14453125
4961.8916015625
4570.3916015625
4572.69140625
4689.6796875
4748.1884765625
4757.23828125
4758.23828125
4776.23828125
5744.9853515625
5353.4853515625
5355.78515625
5472.7734375
5531.2822265625
5540.33203125
5541.33203125
5559.33203125
6528.0791015625
6136.5791015625
6138.87890625
6255.8671875
6314.3759765625
6323.42578125
6324.42578125
6342.42578125
7311.1728515625
6919.6728515625
6921.97265625
7038.9609375
7097.4697265625
7106.51953125
7107.51953125
7125.51953125
8094.2666015625
7702.7666015625
7705.06640625
7822.0546875
7880.5634765625
7889.61328125
7890.61328125
7908.61328125
8877.3603515625
8485.8603515625
8488.16015625
8605.1484375
8663.6572265625
8672.70703125
8673.70703125
8691.70703125
9660.4541015625
9268.9541015625
9271.25390625
9388.2421875
9446.7509765625
9455.80078125
9471.5244140625
9491.82421875
10834.288841247559
10964.182662963867
10225.8251953125
10225.77880859375
10171.7783203125
10257.23193359375
10185.23193359375
9987.2314453125
10302.1787109375
9496.68505859375
9478.68505859375
9460.68505859375
9388.6845703125
9474.13818359375
9402.13818359375
9204.1376953125
9519.0849609375
8713.59130859375
8695.59130859375
8677.59130859375
8605.5908203125
8691.04443359375
8619.04443359375
8421.0439453125
8735.9912109375
7930.49755859375
7912.49755859375
7894.49755859375
7822.4970703125
7907.95068359375
7835.95068359375
7637.9501953125
7952.8974609375
7147.40380859375
7129.40380859375
7111.40380859375
7039.4033203125
7124.85693359375
7052.85693359375
6854.8564453125
7169.8037109375
6364.31005859375
6346.31005859375
6328.31005859375
6256.3095703125
6341.76318359375
6269.76318359375
6071.7626953125
6386.7099609375
5581.21630859375
5563.21630859375
5545.21630859375
5473.2158203125
5558.66943359375
5486.66943359375
5288.6689453125
5603.6162109375
4798.12255859375
4780.12255859375
4762.12255859375
4690.1220703125
4775.57568359375
4703.57568359375
4505.5751953125
4820.5224609375
4015.02880859375
3997.02880859375
3979.02880859375
3907.0283203125
3992.48193359375
3920.48193359375
3722.4814453125
4037.4287109375
3231.93505859375
3213.93505859375
3195.93505859375
3123.9345703125
3209.38818359375
3137.38818359375
2939.3876953125
3254.3349609375
2448.84130859375
2430.84130859375
2412.84130859375
2340.8408203125
2426.29443359375
2354.29443359375
2156.2939453125
2471.2412109375
1665.74755859375
1647.74755859375
1629.74755859375
1557.7470703125
1643.20068359375
1571.20068359375
1373.2001953125
1688.1474609375
882.65380859375
864.65380859375
846.65380859375
772.3447265625
736.3564453125
736.10546875
754.7724609375
