0.09375
0.099609375
18.099609375
54.146484375
54.146484375
54.146484375
558.146484375
594.146484375
612.193359375
756.193359375
792.193359375
810.240234375
810.240234375
810.240234375
1314.240234375
1350.240234375
1368.287109375
1512.287109375
1548.287109375
1566.333984375
1566.333984375
1566.333984375
2070.333984375
2106.333984375
2124.380859375
2268.380859375
2304.380859375
2322.427734375
2322.427734375
2322.427734375
2826.427734375
2862.427734375
2880.474609375
3024.474609375
3060.474609375
3078.521484375
3078.521484375
3078.521484375
3582.521484375
3618.521484375
3636.568359375
3780.568359375
3816.568359375
3834.615234375
3834.615234375
3834.615234375
4338.615234375
4374.615234375
4392.662109375
4536.662109375
4572.662109375
4590.708984375
4590.708984375
4590.708984375
5094.708984375
5130.708984375
5148.755859375
5292.755859375
5328.755859375
5346.802734375
5346.802734375
5346.802734375
5850.802734375
5886.802734375
5904.849609375
6048.849609375
6084.849609375
6102.896484375
6102.896484375
6102.896484375
6606.896484375
6642.896484375
6660.943359375
6804.943359375
6840.943359375
6858.990234375
6858.990234375
6858.990234375
7362.990234375
7398.990234375
7417.037109375
7561.037109375
7597.037109375
7615.083984375
7615.083984375
7615.083984375
8119.083984375
8155.083984375
8173.130859375
8317.130859375
8353.130859375
8371.177734375
8371.177734375
8371.177734375
8875.177734375
8911.177734375
8929.224609375
9073.224609375
9109.224609375
9109.271484375
9896.677734375
11327.396484375
9145.271484375
9181.224609375
9163.224609375
8965.224609375
8983.177734375
9145.177734375
8497.201171875
8497.201171875
8461.201171875
8497.154296875
8479.154296875
8281.154296875
8299.107421875
8461.107421875
7813.130859375
7813.130859375
7777.130859375
7813.083984375
7795.083984375
7597.083984375
7615.037109375
7777.037109375
7129.060546875
7129.060546875
7093.060546875
7129.013671875
7111.013671875
6913.013671875
6930.966796875
7092.966796875
6444.990234375
6444.990234375
6408.990234375
6444.943359375
6426.943359375
6228.943359375
6246.896484375
6408.896484375
5760.919921875
5760.919921875
5724.919921875
5760.873046875
5742.873046875
5544.873046875
5562.826171875
5724.826171875
5076.849609375
5076.849609375
5040.849609375
5076.802734375
5058.802734375
4860.802734375
4878.755859375
5040.755859375
4392.779296875
4392.779296875
4356.779296875
4392.732421875
4374.732421875
4176.732421875
4194.685546875
4356.685546875
3708.708984375
3708.708984375
3672.708984375
3708.662109375
3690.662109375
3492.662109375
3510.615234375
3672.615234375
3024.638671875
3024.638671875
2988.638671875
3024.591796875
3006.591796875
2808.591796875
2826.544921875
2988.544921875
2340.568359375
2340.568359375
2304.568359375
2340.521484375
2322.521484375
2124.521484375
2142.474609375
2304.474609375
1656.498046875
1656.498046875
1620.498046875
1656.451171875
1638.451171875
1440.451171875
1458.404296875
1620.404296875
972.427734375
972.427734375
936.427734375
920.630859375
936.375
882.328125
