0.001953125
0.0020751953125
0.0645751953125
0.1280517578125
0.1905517578125
0.1905517578125
0.1905517578125
0.4718017578125
0.5343017578125
0.5977783203125
1.2227783203125
1.2852783203125
1.3487548828125
1.3487548828125
1.3487548828125
1.6300048828125
1.6925048828125
1.7559814453125
2.3809814453125
2.4434814453125
2.4483642578125
2.4561767578125
2.4600830078125
2.5733642578125
2.6309814453125
2.6934814453125
2.1309814453125
2.1925048828125
2.1300048828125
2.0367431640625
2.0367431640625
1.9117431640625
1.9732666015625
2.0357666015625
1.4732666015625
1.5347900390625
1.4722900390625
1.3790283203125
1.3790283203125
1.3165283203125
1.2540283203125
1.1983642578125
1.2529296875
1.064453125
