232.85888671875
624.7509765625
674.7509765625
724.751953125
774.751953125
774.7529296875
724.7509765625
774.751953125
824.751953125
824.7529296875
700.2509765625
699.251953125
724.751953125
724.7529296875
749.2900390625
774.75390625
725.751953125
750.2529296875
774.7529296875
774.75390625
738.12744140625
738.00390625
764.75439453125
750.255859375
787.13134765625
774.7578125
763.75439453125
761.505859375
788.25634765625
774.7578125
772.2548828125
755.3828125
776.63330078125
761.51171875
780.88671875
773.765625
776.63330078125
767.63671875
788.88720703125
773.765625
755.9970703125
767.8780212402344
755.6280212402344
787.4996032714844
737.2491149902344
778.2476501464844
699.4971618652344
820.9961853027344
624.9966735839844
524.5559997558594
