0.00390625
0.00439453125
0.06591796875
0.19091796875
0.19873046875
0.32470703125
0.19189453125
0.25439453125
0.31689453125
0.78564453125
0.91064453125
0.97412109375
1.25537109375
1.38037109375
1.44384765625
1.44384765625
1.50634765625
1.97509765625
2.10009765625
2.16357421875
2.44482421875
2.56982421875
2.63330078125
2.5830078125
2.6376953125
2.6376953125
2.76171875
2.07421875
1.88671875
1.8544921875
1.6982421875
1.6357421875
1.5732421875
1.4482421875
1.447265625
0.884765625
0.697265625
0.6337890625
0.5087890625
0.4462890625
0.3837890625
0.2587890625
0.1962890625
0.015625
