0.25390625
0.7607421875
1.01171875
1.51171875
1.76171875
2.63671875
3.19921875
2.9501953125
8.7626953125
5.7626953125
5.513671875
6.013671875
6.263671875
7.138671875
7.701171875
7.4521484375
13.2646484375
10.2646484375
10.015625
10.515625
10.765625
11.640625
12.203125
11.9541015625
17.2666015625
14.2666015625
14.017578125
14.517578125
14.767578125
15.642578125
16.205078125
15.9560546875
22.2646484375
19.2646484375
19.015625
19.515625
19.765625
20.640625
21.203125
20.9541015625
26.2666015625
23.2666015625
23.017578125
23.517578125
23.767578125
24.642578125
25.205078125
24.9560546875
30.2685546875
27.2685546875
27.01953125
27.0126953125
30.26171875
27.19921875
25.19921875
24.8857421875
24.0107421875
24.0107421875
23.7607421875
23.2607421875
25.759765625
23.009765625
21.197265625
20.8837890625
20.0087890625
20.0087890625
19.7587890625
19.2587890625
22.2578125
18.19921875
16.19921875
15.8857421875
15.0107421875
15.0107421875
14.7607421875
14.2607421875
17.259765625
14.197265625
12.197265625
11.8837890625
11.0087890625
11.0087890625
10.7587890625
10.2587890625
13.2578125
9.6953125
7.6953125
7.3818359375
6.5068359375
6.5068359375
6.2568359375
5.7568359375
8.755859375
5.193359375
3.193359375
2.8798828125
2.0048828125
2.0048828125
1.7548828125
1.2548828125
1.5
1.4990234375
