0.25146484375
0.8154296875
1.0654296875
1.31494140625
1.56494140625
2.390625
2.83251953125
2.83251953125
2.58349609375
5.8330078125
5.6455078125
5.646484375
5.89599609375
6.14599609375
7.34912109375
7.34912109375
7.10009765625
10.349609375
10.162109375
10.1630859375
10.41259765625
10.66259765625
11.86572265625
11.86572265625
11.61669921875
14.8662109375
14.6787109375
14.6796875
14.92919921875
15.17919921875
16.38232421875
16.38232421875
16.13330078125
19.3828125
19.1953125
19.1962890625
19.44580078125
19.69580078125
20.89892578125
20.89892578125
20.64990234375
23.8994140625
23.7119140625
23.712890625
23.96240234375
24.21240234375
25.41552734375
25.41552734375
25.16650390625
28.416015625
28.228515625
28.79150390625
28.916015625
28.853515625
26.603515625
25.853515625
25.04052734375
24.46240234375
24.46240234375
24.3994140625
22.1494140625
21.3994140625
20.58642578125
19.94580078125
19.94580078125
19.8828125
17.6328125
16.8828125
16.06982421875
15.42919921875
15.42919921875
15.3662109375
13.1162109375
12.3662109375
11.55322265625
10.91259765625
10.91259765625
10.849609375
8.599609375
7.849609375
7.03662109375
6.39599609375
6.39599609375
6.3330078125
4.0830078125
3.3330078125
2.52001953125
1.81494140625
1.81494140625
1.81494140625
0.501953125
