0.1640625
18.1171875
54.1171875
56.3671875
114.9140625
58.6640625
76.6640625
1012.6640625
117.1640625
112.7109375
202.6640625
189.1640625
184.7109375
76.6640625
94.6640625
1030.6640625
135.1640625
130.7109375
220.6640625
207.1640625
202.7109375
94.6640625
112.6640625
1048.6640625
153.1640625
148.7109375
238.6640625
225.1640625
220.7109375
112.6640625
130.6640625
1066.6640625
171.1640625
166.7109375
256.6640625
243.1640625
238.7109375
130.6640625
148.6640625
1084.6640625
189.1640625
184.7109375
274.6640625
261.1640625
256.7109375
148.6640625
166.6640625
1102.6640625
207.1640625
202.7109375
292.6640625
279.1640625
274.7109375
166.6640625
184.6640625
1120.6640625
225.1640625
220.7109375
310.6640625
297.1640625
292.7109375
184.6640625
202.6640625
1138.6640625
243.1640625
238.7109375
328.6640625
315.1640625
310.7109375
202.6640625
220.6640625
1156.6640625
261.1640625
256.7109375
346.6640625
333.1640625
328.7109375
220.6640625
238.6640625
1174.6640625
279.1640625
274.7109375
364.6640625
351.1640625
346.7109375
238.6640625
256.6640625
1192.6640625
297.1640625
292.7109375
382.6640625
369.1640625
364.7109375
256.6640625
274.6640625
1210.6640625
315.1640625
310.7109375
400.6640625
387.1640625
382.7109375
292.6640625
310.7109375
1742.7119140625
1783.0691146850586
1044.7121810913086
1044.6657943725586
988.4123764038086
1004.1594467163086
1973.9065170288086
1580.7336654663086
1580.1946029663086
1697.1828842163086
1747.2600326538086
1747.3010482788086
1747.3010482788086
1850.7605209350586
1787.7634506225586
1598.7746810913086
1915.9807357788086
1110.4870834350586
1094.7400131225586
1078.9929428100586
970.4123764038086
986.1594467163086
1956.4865951538086
1562.7336654663086
1562.7746810913086
1679.7629623413086
1729.2600326538086
1729.3010482788086
1729.3010482788086
1832.7605209350586
1769.7634506225586
1580.7746810913086
1897.4006576538086
1091.9070053100586
1076.1599349975586
1060.4128646850586
952.4123764038086
968.1594467163086
1938.4865951538086
1544.7336654663086
1544.7746810913086
1661.7629623413086
1711.2600326538086
1711.3010482788086
1711.3010482788086
1814.7605209350586
1751.7634506225586
1562.7746810913086
1879.4006576538086
1073.9070053100586
1058.1599349975586
1042.4128646850586
934.4123764038086
950.1594467163086
1919.9065170288086
1526.7336654663086
1526.7746810913086
1643.1828842163086
1693.2600326538086
1693.3010482788086
1693.3010482788086
1796.7605209350586
1733.7634506225586
1544.7746810913086
1861.9807357788086
1056.4870834350586
1040.7400131225586
1024.9929428100586
916.4123764038086
932.1594467163086
1901.9065170288086
1508.7336654663086
1508.7746810913086
1625.1828842163086
1675.2600326538086
1675.3010482788086
1675.3010482788086
1778.7605209350586
1715.7634506225586
1526.7746810913086
1843.9807357788086
1038.4870834350586
1022.7400131225586
1006.9929428100586
898.4123764038086
914.1594467163086
1883.9065170288086
1490.1535873413086
1490.1946029663086
1607.1828842163086
1657.2600326538086
1657.3010482788086
1657.3010482788086
1760.7605209350586
1697.7634506225586
1508.1946029663086
1825.4006576538086
1019.9070053100586
1004.1599349975586
988.4128646850586
880.4123764038086
896.1594467163086
1865.9065170288086
1472.1535873413086
1472.1946029663086
1589.1828842163086
1639.2600326538086
1639.3010482788086
1639.3010482788086
1742.7605209350586
1679.7634506225586
1490.1946029663086
1807.4006576538086
1001.9070053100586
986.1599349975586
970.4128646850586
862.4123764038086
878.1594467163086
1847.9065170288086
1454.1535873413086
1454.1946029663086
1571.1828842163086
1620.6799545288086
1620.7209701538086
1620.7209701538086
1724.1804428100586
1661.1833724975586
1472.1946029663086
1789.4006576538086
983.9070053100586
968.1599349975586
952.4128646850586
844.4123764038086
860.1594467163086
1829.9065170288086
1436.1535873413086
1436.1946029663086
1553.1828842163086
1602.6799545288086
1602.7209701538086
1602.7209701538086
1706.1804428100586
1643.1833724975586
1454.1946029663086
1771.4006576538086
965.9070053100586
950.1599349975586
934.4128646850586
826.4123764038086
842.1594467163086
1811.9065170288086
1418.1535873413086
1418.1946029663086
1535.1828842163086
1584.6799545288086
1584.7209701538086
1584.7209701538086
1688.7605209350586
1625.7634506225586
1436.7746810913086
1753.9807357788086
948.4870834350586
932.7400131225586
916.9929428100586
808.9924545288086
824.7395248413086
1794.4865951538086
1400.7336654663086
1400.7746810913086
1517.7629623413086
1567.2600326538086
1567.3010482788086
1567.3010482788086
1670.7605209350586
1607.7634506225586
1418.7746810913086
1735.9807357788086
930.4870834350586
914.7400131225586
898.9929428100586
790.9924545288086
806.7395248413086
1776.4865951538086
1382.7336654663086
1382.7746810913086
1499.7629623413086
1549.2600326538086
1549.3010482788086
1549.3010482788086
1652.7605209350586
1589.7634506225586
1400.7746810913086
1717.9807357788086
912.4870834350586
896.7400131225586
880.9929428100586
770.7219467163086
718.9250717163086
