0.046875
0.0498046875
9.0498046875
27.0732421875
27.0732421875
27.0732421875
279.0732421875
297.0732421875
306.0966796875
378.0966796875
396.0966796875
405.1201171875
405.1201171875
405.1201171875
657.1201171875
675.1201171875
684.1435546875
756.1435546875
774.1435546875
783.1669921875
783.1669921875
783.1669921875
1035.1669921875
1053.1669921875
1062.1904296875
1134.1904296875
1152.1904296875
1161.2138671875
1161.2138671875
1161.2138671875
1413.2138671875
1431.2138671875
1440.2373046875
1512.2373046875
1530.2373046875
1539.2607421875
1539.2607421875
1539.2607421875
1791.2607421875
1809.2607421875
1818.2841796875
1890.2841796875
1908.2841796875
1917.3076171875
1917.3076171875
1917.3076171875
2169.3076171875
2187.3076171875
2196.3310546875
2268.3310546875
2286.3310546875
2295.3544921875
2295.3544921875
2295.3544921875
2547.3544921875
2565.3544921875
2574.3779296875
2646.3779296875
2664.3779296875
2673.4013671875
2673.4013671875
2673.4013671875
2925.4013671875
2943.4013671875
2952.4248046875
3024.4248046875
3042.4248046875
3051.4482421875
3051.4482421875
3051.4482421875
3303.4482421875
3321.4482421875
3330.4716796875
3402.4716796875
3420.4716796875
3429.4951171875
3429.4951171875
3429.4951171875
3681.4951171875
3699.4951171875
3708.5185546875
3780.5185546875
3798.5185546875
3807.5419921875
3807.5419921875
3807.5419921875
4059.5419921875
4077.5419921875
4086.5654296875
4158.5654296875
4176.5654296875
4185.5888671875
4185.5888671875
4185.5888671875
4437.5888671875
4455.5888671875
4464.6123046875
4536.6123046875
4554.6123046875
4554.6357421875
4948.3388671875
5663.6982421875
4572.6357421875
4590.6123046875
4581.6123046875
4482.6123046875
4491.5888671875
4572.5888671875
4248.6005859375
4248.6005859375
4230.6005859375
4248.5771484375
4239.5771484375
4140.5771484375
4149.5537109375
4230.5537109375
3906.5654296875
3906.5654296875
3888.5654296875
3906.5419921875
3897.5419921875
3798.5419921875
3807.5185546875
3888.5185546875
3564.5302734375
3564.5302734375
3546.5302734375
3564.5068359375
3555.5068359375
3456.5068359375
3465.4833984375
3546.4833984375
3222.4951171875
3222.4951171875
3204.4951171875
3222.4716796875
3213.4716796875
3114.4716796875
3123.4482421875
3204.4482421875
2880.4599609375
2880.4599609375
2862.4599609375
2880.4365234375
2871.4365234375
2772.4365234375
2781.4130859375
2862.4130859375
2538.4248046875
2538.4248046875
2520.4248046875
2538.4013671875
2529.4013671875
2430.4013671875
2439.3779296875
2520.3779296875
2196.3896484375
2196.3896484375
2178.3896484375
2196.3662109375
2187.3662109375
2088.3662109375
2097.3427734375
2178.3427734375
1854.3544921875
1854.3544921875
1836.3544921875
1854.3310546875
1845.3310546875
1746.3310546875
1755.3076171875
1836.3076171875
1512.3193359375
1512.3193359375
1494.3193359375
1512.2958984375
1503.2958984375
1404.2958984375
1413.2724609375
1494.2724609375
1170.2841796875
1170.2841796875
1152.2841796875
1170.2607421875
1161.2607421875
1062.2607421875
1071.2373046875
1152.2373046875
828.2490234375
828.2490234375
810.2490234375
828.2255859375
819.2255859375
720.2255859375
729.2021484375
810.2021484375
486.2138671875
486.2138671875
468.2138671875
460.3154296875
468.1875
441.1640625
